1649
1632
1658
1649
1646
1654
1648
1642
1649
1639
1642
1630
1637
1647
1643
1651
1658
1655
1651
1658
1654
1642
1662
1661
1643
1656
1650
1654
1637
1639
1653
1654
1665
1669
1641
1637
1655
1653
1649
1655
1650
1645
1646
1668
1655
1655
1650
1650
1631
1663
1662
1658
1642
1639
1649
1650
1656
1653
1658
1659
1657
1658
1659
1659
1642
1641
1640
1657
1645
1635
1645
1658
1654
1666
1667
1657
1641
1666
1661
1652
1662
1662
1634
1650
1662
1664
1643
1662
1648
1637
1637
1674
1647
1637
1631
1662
1645
1648
1647
1656
1655
1658
1649
1659
1661
1655
1652
1662
1662
1653
1647
1639
1643
1633
1629
1642
1652
1634
1663
1666
1641
1640
1646
1649
1643
1646
1661
1652
1652
1658
1626
1633
1646
1659
1639
1649
1661
1666
1637
1639
1636
1633
1634
1639
1659
1655
1645
1662
1637
1640
1624
1622
1644
1643
1641
1662
1663
1645
1696
1662
1668
1579
1723
1716
1724
1608
1654
1785
1868
1764
1757
1563
1561
2300
1614
2016
635
2578
634
1997
1971
1653
1674
1674
646
592
1707
1707
1575
1572
1633
1658
1659
1636
1623
1678
1600
1675
1612
1640
1679
1524
1521
1678
1641
1637
1656
1616
1633
1633
1630
1645
1634
1706
1607
1647
1641
1688
2610
1607
1420
1746
1649
1547
1620
1626
1596
1556
1639
1666
1590
1465
1502
1577
1565
1631
1694
1726
1623
1784
1514
1752
1513
1681
1611
1691
1462
1689
1676
1575
1687
1678
1682
1595
1679
1675
1646
1588
1596
1619
1662
1666
1670
2043
2027
2564
580
2613
592
596
2443
615
841
840
1127
2613
2614
1888
2116
1625
1641
2162
2462
2425
1401
1368
1314
719
723
2513
2510
2610
2613
2520
2607
2623
1700
1680
2005
2607
1771
2329
2345
2606
1617
2610
1533
1533
2607
1269
1264
648
655
670
1581
1237
2611
617
612
2238
583
596
2514
2520
1571
1555
2610
1176
891
899
2606
2604
599
602
2267
1688
588
1845
1850
2014
585
2266
2263
2091
2099
697
1332
1378
1302
2602
2590
1325
2609
786
792
1468
1504
1907
1252
1179
1189
1531
1265
1482
1472
1467
2606
1527
2607
2615
2620
1536
1838
1846
1529
1526
1533
1691
1548
1546
1587
1583
1597
1601
1463
1766
1553
2585
2571
1426
1758
1755
2620
1833
2610
1971
2613
1770
1459
1452
1536
1508
1569
1583
1748
1745
1481
1646
1939
2607
2300
2611
2611
1981
2588
1868
671
658
1804
745
1705
1707
1417
1414
1948
1077
930
2437
691
2610
664
1502
1332
663
663
1957
1957
829
1579
1822
1488
1267
1622
1620
1989
1692
1642
1718
1718
1551
1616
1534
1667
1655
1383
637
2068
810
1515
1519
2336
2088
1837
2174
2582
1655
1654
2203
2217
2211
613
616
1833
613
2262
2255
601
1713
1714
1562
1564
1632
1611
1614
2593
2603
981
1761
1667
1637
1645
1593
2035
2043
1448
594
2352
1348
1347
2232
2230
1712
1482
1720
1708
1714
1521
1671
1674
1332
1418
1129
969
975
911
1517
1981
1983
1539
1393
1626
1621
1653
1658
1663
1669
1127
1826
1617
1620
1573
746
1627
1467
1690
1862
1675
1688
1148
1853
1856
1102
1703
1692
1535
1397
1666
1295
1301
1493
792
797
1210
1349
2616
2615
599
609
605
2577
630
1785
1779
703
1741
2587
2591
2623
2622
617
613
2251
753
1684
1326
1904
2220
2222
1526
2618
1614
1650
1633
1650
2030
1658
2465
926
1450
689
695
638
634
2287
2311
616
2234
2236
1726
1726
1710
1666
1665
1693
1687
1681
1664
2249
1701
1711
2612
2252
2259
1725
2616
2218
1816
1409
2264
2268
1488
1658
1595
1645
1207
1695
630
2378
2376
652
1282
2575
2581
1512
2046
2044
815
2507
1536
2224
783
791
2609
2605
2429
2433
2455
1231
1234
2620
2618
1436
1336
2571
2563
1323
1320
1942
1682
1687
1595
1594
1633
1691
1640
1631
1701
1702
1573
779
1002
2119
1017
1015
2072
1496
1433
1197
996
997
1439
2545
1295
1300
1540
620
616
2465
2468
1650
629
2305
1339
1338
615
2188
2187
642
637
1612
1548
1609
1610
1693
1658
1658
2241
1546
1008
2617
2620
1416
1409
1989
1488
1494
1260
1261
1305
2419
1586
1688
1521
1521
1820
1699
1639
1685
1687
1663
1662
1655
1645
1653
1670
1646
1660
1666
1661
1655
1686
1684
1629
1617
1658
1676
1654
1676
1675
1653
1659
1662
1665
1675
1680
1687
1679
1645
1646
1672
1670
1666
1645
1634
1667
1666
1660
1655
1657
1655
1673
1671
1650
1646
1662
1392
1392
2626
2622
2105
1920
1922
750
1424
1831
1791
1543
1542
1654
1650
1605
1515
1914
1906
2621
607
620
740
1283
643
1175
1204
1260
1261
1790
2125
2119
1656
637
1504
1710
1641
1644
1688
1687
1351
634
2622
714
708
2626
1848
1708
1709
1274
1121
2626
2628
2325
1294
1295
1445
1434
1703
1247
1481
1478
1235
1241
1651
1536
1320
1514
1140
1148
1359
1445
1446
1944
1939
1485
1481
2130
2133
1120
1117
1826
1617
1336
1463
1459
1532
1538
2339
2613
2617
2049
1402
762
1212
1211
1289
1296
1064
1083
1172
1169
1455
1433
1498
1496
1591
1557
1691
1567
2612
2606
1065
2617
932
1687
1276
1271
2132
2126
2056
1629
1774
1549
1547
1417
1410
1459
1844
1558
1556
1724
1716
1711
1667
1629
1685
1684
1658
1675
1662
1642
1644
1650
1648
1652
1654
1756
1757
1625
1662
1643
1732
1392
1997
708
833
827
2625
2627
682
1214
601
2512
2512
2626
2512
2512
2628
2465
2622
2619
625
2626
2625
1854
1847
1685
1650
1688
1688
1221
1223
1732
640
645
598
1101
588
588
745
588
591
2629
2623
1109
1106
618
1924
1768
2621
1878
1871
598
1630
2032
1428
602
1753
592
600
655
1886
1883
1766
1739
1720
1717
1718
1620
1622
1533
2142
2485
702
705
1337
1214
960
618
611
1864
617
2604
1014
2604
2616
874
708
2611
2616
604
2622
599
599
2610
598
605
2604
2610
599
2626
2607
611
2620
2623
2622
1249
2620
2615
646
1618
1626
2623
2620
596
598
601
2624
2626
656
2480
690
1681
1111
1460
2222
2217
2536
1674
1666
2614
647
646
2462
1496
1494
1896
1155
1149
2495
1617
1620
1691
1784
1648
1642
1501
2615
2615
2620
593
1857
1859
603
2475
634
2294
2114
2107
642
2126
2125
611
1002
2564
1363
2035
770
776
1813
1763
1330
965
965
2533
1511
1703
1613
1727
1751
1749
1719
1550
1434
941
944
1144
1031
961
966
734
737
696
2608
1844
2226
2222
1549
1952
650
657
2512
2506
1388
690
688
1915
1291
1759
1540
2048
1694
1701
1620
1655
1603
1641
1631
1590
1508
835
827
592
596
602
1016
1007
1014
1605
2545
2080
2074
593
600
1388
1381
2604
804
804
807
2613
821
820
2595
1004
2107
1559
1581
1587
1624
1627
1652
1634
1650
1650
1656
1659
1647
1656
1649
1662
1657
1637
1642
1668
1653
1649
1652
1644
1633
1655
1636
1639
1647
1662
1662
1650
1652
1658
1649
1631
1635
1629
1660
1663
1648
1642
1631
1640
1668
1641
1640
1648
1651
1643
1643
1654
1639
1675
1654
1656
1641
1659
1653
1651
1648
1648
1639
1633
1653
1654
1654
1654
1651
1652
1654
1667
1650
1649
1652
1659
1641
1657
1645
1643
1653
1656
1643
1653
1629
1642
1616
1650
1658
1637
1652
1634
1636
1637
1654
1662
1642
1648
1647
1641
1645
1629
1626
1655
1658
1659
1633
1627
1655
1640
1645
1655
1652
1640
1643
1652
1654
1629
1649
1651
1658
1638
1658
1652
1647
1642
1635
1663
1668
1678
1623
1474
1471
1815
1486
1567
1430
2294
1309
1656
1646
1499
2052
2043
1459
1459
1453
1451
1849
1725
1109
1805
1823
1793
1459
1461
1370
1981
2125
1692
1693
1704
1665
1626
1828
1615
1620
1430
1846
1723
1721
1746
1751
1583
1242
2228
1666
1672
2112
2115
1865
1680
1676
1646
1620
1433
1438
1669
1580
1576
1854
1858
1560
1691
1687
1641
1645
1650
1642
1643
1646
1650
1659
1654
1645
1649
1650
1653
1652
1647
1656
1659
1650
1645
1654
1645
1658
1649
1641
1646
1662
1662
1646
1658
1655
1642
1643
1654
1652
1653
1649
1649
1647
1654
1662
1649
1649
1662
1665
1643
1644
1650
1652
1653
1648
1655
1633
1640
1646
1654
1637
1653
1658
1634
1658
1654
1642
1634
1648
1652
1652
1649
1650
1649
1639
1655
1653
1650
1660
1656
1649
1645
1644
1652
1661
1655
1649
1649
1654
1655
1652
1662
1670
1631
1652
1656
1662
1652
1658
1659
1650
1644
1666
1636
1645
1646
1656
1636
1640
1638
1656
1634
1651
1641
1650
1637
1646
1634
1633
1659
1646
1628
1630
1628
1628
1635
1659
1679
1665
1681
1676
1616
1616
1616
1658
1660
1626
1637
1674
1679
1641
1618
1670
1537
1830
1834
1388
2133
1032
1360
1359
966
1500
1426
1436
1567
1712
1411
2616
1435
1426
866
1152
1148
1664
1666
707
1689
1696
1641
1687
1662
1679
1504
812
811
2614
1475
1357
1359
1766
1323
1575
1614
1622
1749
1670
1077
1075
2609
1740
1281
2615
2614
1661
1665
2326
1477
1409
1630
1633
1639
1656
1567
2151
2148
941
724
2466
1554
966
1554
604
601
1537
1673
1679
1679
1256
2604
990
986
1201
1720
1717
2615
2604
1416
1412
779
1590
1593
1617
1694
1812
1820
2615
1834
1838
1531
1526
1494
2612
2552
2558
1798
1600
1655
1705
1714
667
1170
1173
1685
1703
1467
1460
2132
1174
1189
1679
1652
1658
1645
1663
1665
1600
2203
1716
1716
1170
2585
1509
1598
1626
1629
1646
1496
1685
1689
791
1272
1351
1527
1526
1612
1770
1629
1588
1588
1655
2466
592
584
650
2586
623
616
1777
1770
1452
1415
1409
1610
1636
1798
1790
1500
1499
694
607
2603
1833
1836
844
849
586
1617
1727
1653
1658
597
580
2616
660
2613
1913
1492
1493
1957
2387
1682
1379
1382
2472
2613
2066
2276
1758
1422
1711
1878
1695
1759
1737
1462
1459
1934
1949
1613
1487
1625
1656
1674
1684
1647
1671
1658
1625
1662
1667
1662
1668
1643
1659
1653
1654
1658
1654
1666
1633
1644
1661
1641
1658
1679
1645
1641
1645
1646
1647
1653
1651
1649
1666
1665
1662
1652
1655
1641
1654
1661
1652
1655
1643
1669
1682
1687
2516
2520
1571
1217
1289
1604
1596
1777
1782
1656
1542
1536
1636
1587
1645
1642
1667
1649
1649
1662
1372
1911
1907
730
2507
2513
2087
2106
1166
1166
1343
1526
1630
1659
1524
1424
1578
1617
1627
1605
1513
1214
1210
1636
1631
1757
1761
1660
1767
1769
1575
1614
1604
1608
1500
1227
1285
1531
1533
1608
2052
2275
2267
2499
2498
2620
1690
1421
1417
1552
1571
1561
1662
1657
1691
1696
1666
1658
1652
1658
1624
1628
1679
1687
1695
1652
1656
1633
1664
1655
1635
1638
1662
1663
1667
1655
1669
1666
1674
1663
1642
1670
1676
1648
1656
1647
1660
1664
1681
1668
1658
1633
1635
1640
1660
1641
1637
1655
1657
1675
1685
1651
1620
1687
1689
1646
1656
1653
1656
1677
1658
1661
1659
1659
1662
1653
1642
1641
1645
1675
1682
1655
1640
1658
1666
1681
1670
1661
1703
1681
1633
1659
1639
1650
1665
1648
1647
1667
1649
1648
1647
1654
1644
1645
1658
1654
1658
1656
1720
1662
1653
1654
1650
1654
1656
1652
1662
1651
1642
1655
1662
1662
1656
1646
1657
1658
1650
1653
1653
1658
1659
1662
1662
1645
1666
1658
1654
1633
1652
1662
1656
1648
1658
1626
1634
1658
1650
1707
1705
1643
1637
1650
1639
1729
1728
1629
1625
1672
1669
1650
1650
1665
1620
1596
1591
1711
1737
1695
1648
1666
1674
1677
1681
1652
1654
1655
1617
1612
1605
1622
1679
1645
1641
1702
1620
1653
1658
1653
1652
1649
1666
1699
1431
1629
1629
1643
1654
1642
1641
1653
1658
1658
1645
1656
1662
1664
1667
1618
1662
1655
1648
1639
1641
1638
1660
1662
1531
1529
1390
1674
1670
1620
1625
1668
1665
1658
1626
1642
1631
1630
1601
1705
1600
1611
1882
1720
1717
592
1400
1402
2620
675
675
1625
1619
1637
852
850
659
1566
1890
1782
1217
1748
1744
1637
1630
1716
1075
1397
1223
1205
1210
1658
1525
1827
1591
1597
1624
1655
1473
1483
1742
1761
1693
1651
1644
1658
1655
1650
1646
1662
1666
1644
1650
1652
1649
1637
1659
1662
1669
1655
1658
1650
1691
1654
1655
1658
1657
1642
1650
1650
1654
1655
1656
1655
1640
1662
1659
1624
1668
1663
1664
1720
1724
1725
1135
1359
1354
741
970
1979
2396
2261
2267
1576
947
1264
2326
1814
1600
1662
1619
1621
1645
1654
1665
1658
1655
1633
1650
1662
1653
1652
1602
1649
1670
1669
1641
1659
1658
1666
1662
1674
1658
1654
1651
1652
1652
1652
1666
1648
1645
1670
1639
1664
1672
1629
1637
1636
1762
1662
1633
1633
1662
1638
1617
1712
1600
1641
1668
1640
1639
1663
1650
1662
1646
1654
1693
1684
1642
1633
1684
1678
1667
1626
1619
1646
1633
1670
1662
1643
1650
1648
1658
1623
1651
1647
1637
1641
1687
1627
1670
1662
1656
1656
1672
1652
1656
1637
1641
1632
1657
1659
1650
1656
1654
1654
1652
1648
1654
1662
1657
1653
1647
1650
1652
1650
1646
1648
1641
1644
1611
1648
1650
1658
1658
1657
1655
1631
1643
1643
1669
1645
1671
1663
1656
1658
1663
1669
1645
1641
1649
1651
1649
1662
1658
1664
1666
1653
1643
1662
1659
1647
1666
1662
1649
1646
1667
1658
1656
1643
1644
1645
1637
1658
1651
1658
1658
1649
1662
1654
1645
1662
1645
1643
1659
1648
1646
1652
1641
1640
1638
1661
1665
1655
1650
1645
1645
1655
1652
1650
1638
1653
1637
1653
1650
1648
1645
1653
1637
1655
1653
1656
1656
1659
1657
1643
1591
1662
1657
1666
1653
1674
1646
1645
1648
1650
1642
1662
1662
1659
1661
1658
1662
1665
1659
1648
1636
1652
1662
1651
1666
1669
1648
1654
1656
1656
1637
1640
1630
1652
1638
1646
1650
1646
1656
1652
1661
1652
1649
1656
1649
1642
1653
1656
1641
1656
1650
1653
1662
1659
1640
1652
1642
1649
1637
1670
1671
1643
1643
1648
1650
1650
1647
1656
1648
1650
1641
1656
1650
1658
1654
1655
1653
1656
1648
1646
1654
1640
1652
1650
1643
1637
1653
1658
1646
1648
1651
1650
1658
1658
1662
1656
1640
1656
1654
1653
1654
1654
1654
1650
1645
1643
1647
1650
1656
1666
1653
1652
1654
1650
1652
1646
1647
1653
1641
1633
1655
1658
1647
1667
1649
1645
1650
1642
1624
1636
1634
1662
1662
1647
1637
1660
1639
1650
1666
1660
1639
1667
1646
1649
1645
1665
1662
1647
1659
1639
1655
1654
1637
1646
1646
1644
1653
1650
1654
1651
1639
1645
1671
1666
1656
1649
1648
1639
1650
1656
1644
1650
1652
1649
1645
1655
1650
1656
1643
1658
1654
1650
1646
1643
1643
1652
1648
1653
1643
1646
1641
1650
1659
1656
1662
1637
1651
1646
1629
1656
1659
1653
1627
1662
1656
1662
1652
1650
1653
1661
1655
1641
1643
1652
1647
1659
1651
1650
1646
1653
1637
1644
1650
1656
1652
1648
1652
1652
1643
1643
1677
1670
1653
1674
1645
1653
1658
1654
1660
1657
1640
1645
1641
1651
1651
1653
1655
1645
1641
1633
1654
1651
1652
1657
1647
1641
1653
1652
1650
1647
1654
1656
1649
1645
1652
1651
1648
1649
1645
1639
1637
1655
1652
1639
1648
1638
1645
1651
1654
1656
1646
1654
1642
1650
1656
1638
1641
1651
1653
1649
1639
1653
1662
1644
1643
1650
1639
1650
1646
1645
1633
1653
1662
1655
1650
1655
1649
1633
1662
1644
1638
1643
1654
1648
1646
1654
1640
